5.159903e-02
1.695217e-01
-3.068075e-01
7.084989e-02
5.601708e-02
-4.772305e-02
5.721468e-01
1.192538e-01
-5.082701e-01
-5.459169e-02
-4.342075e-02
-2.979403e-01
-6.622916e-02
1.272741e-01
-3.218169e-05
-6.116630e-02
3.644140e-01
-2.764643e-01
-1.637623e-01
1.578793e-01
8.821414e-02
4.810713e-01
-1.386111e-01
1.837543e-01
-4.070656e-01
2.779908e-01
2.018221e-01
6.294218e-02
-2.599478e-01
-5.134096e-01
3.185653e-01
-6.240988e-01
2.664532e-01
1.516714e-01
-4.179525e-02
1.545996e-01
-3.950146e-01
-8.163506e-02
1.109573e-01
2.141077e-03
-2.838697e-01
-3.343538e-01
-6.079378e-01
-1.703847e-01
2.464949e-01
-1.649246e-01
-3.113979e-02
-1.772543e-01
-1.684402e-01
4.414091e-01
4.887088e-03
-2.308886e-01
-2.267688e-01
4.361014e-01
1.506602e-01
1.780255e-01
-1.560551e-03
3.347358e-01
-6.371292e-01
1.424185e-01
-1.663858e-01
1.371663e-01
3.289831e-01
4.003178e-01
